SV_delta,ambig_trial,confidence,trial
0.3790154354993138,1.0,3.0,1
-1.0485212578803058,1.0,-4.0,2
-0.1316512750637799,1.0,-3.0,3
-1.646012342992537,0.0,-4.0,4
-1.930793247040015,0.0,-4.0,5
0.8888944293842065,0.0,4.0,6
-0.6652040767102043,0.0,-3.0,7
0.1429271464588892,0.0,3.0,8
-1.855165114831308,0.0,-1.0,9
-0.1185094983432271,0.0,-3.0,10
-1.6644769371034611,0.0,-4.0,11
-0.4835797183419064,0.0,,12
-1.855165114831308,0.0,-4.0,13
-1.3167266932840067,0.0,-4.0,14
-1.2326451393879374,1.0,-4.0,15
0.4189961711787022,0.0,3.0,16
-1.411171359635521,0.0,-4.0,17
-0.6652040767102043,0.0,-4.0,18
-1.1168213523967727,0.0,-4.0,19
-0.5435311125846947,0.0,-3.0,20
0.682675622456967,1.0,3.0,21
0.1429271464588892,0.0,3.0,22
2.442992935478617,0.0,3.0,23
-1.1096512914023076,0.0,-4.0,24
-0.9740085882424844,1.0,-4.0,25
1.0881411084189123,0.0,4.0,26
-1.375967601338861,0.0,-4.0,27
-0.0143401219889303,0.0,-4.0,28
1.2521431461208024,0.0,,29
0.682675622456967,1.0,3.0,30
-1.1549007533441784,0.0,-4.0,31
-1.16868833843541,1.0,-4.0,32
1.0674509762838826,1.0,3.0,33
-1.5190382213174858,0.0,-4.0,34
2.442992935478617,0.0,4.0,35
0.8673677922938867,1.0,3.0,36
-1.5190382213174858,0.0,-4.0,37
-0.1316512750637799,1.0,-3.0,38
0.5443815956781979,1.0,3.0,39
-1.1549007533441784,0.0,-4.0,40
-0.2587383575615336,1.0,-3.0,41
-1.6644769371034611,0.0,-4.0,42
-0.5548256457011538,0.0,-4.0,43
0.7235282692053224,1.0,3.0,44
-0.8932865294681778,1.0,-4.0,45
-1.1168213523967727,0.0,-4.0,46
0.8888944293842065,0.0,4.0,47
-0.0143401219889303,0.0,-3.0,48
-0.3760495106363832,1.0,-4.0,49
-0.8187738598303564,0.0,-4.0,50
0.5443815956781979,1.0,3.0,51
-1.0485212578803058,1.0,-4.0,52
-1.411171359635521,0.0,-4.0,53
2.9878660105835118,0.0,4.0,54
1.2521431461208024,0.0,4.0,55
-1.16868833843541,1.0,-4.0,56
-1.375967601338861,0.0,-4.0,57
1.0881411084189123,0.0,4.0,58
-0.1185094983432271,0.0,-4.0,59
-0.4835797183419064,0.0,-4.0,60
-0.2587383575615336,1.0,-4.0,61
-0.8932865294681778,1.0,-4.0,62
-1.2916821864210395,1.0,-4.0,63
-1.3167266932840067,0.0,-4.0,64
-0.5548256457011538,0.0,-4.0,65
-0.3760495106363832,1.0,-4.0,66
-0.9740085882424844,1.0,-4.0,67
-1.2916821864210395,1.0,-4.0,68
-0.8187738598303564,0.0,-4.0,69
0.7235282692053224,1.0,4.0,70
0.8673677922938867,1.0,4.0,71
-1.2326451393879374,1.0,-4.0,72
-1.1096512914023076,0.0,-4.0,73
0.4189961711787022,0.0,4.0,74
1.0674509762838826,1.0,4.0,75
2.9878660105835118,0.0,4.0,76
-1.930793247040015,0.0,-4.0,77
-1.646012342992537,0.0,-4.0,78
